2019.6505 343.7729 0.0032  5.27869 0.00030 this paper
2019.6481 343.7560 0.0053  5.27686 0.00032 this paper
2019.6127 343.4803 0.0033  5.25595 0.00030 this paper
2019.6125 343.4726 0.0033  5.25637 0.00030 this paper
2019.5470 342.9519 0.0033  5.21767 0.00030 this paper
2019.5468 342.9539 0.0033  5.21761 0.00031 this paper
2019.5361 342.8581 0.0053  5.21172 0.00032 this paper
2019.5358 342.8634 0.0033  5.21125 0.00030 this paper
2018.7846 336.2542 0.0089  4.80434 0.00056 this paper
2016.1893 305.1900 0.3000  4.01300 0.02000 K16
2015.3326 293.3000 0.6000  4.02000 0.04000 K16/ALMA
2014.9574 288.2800 0.7000  4.08100 0.05000 K16/ALMA
2014.5426 282.9100 0.3000  4.20800 0.02000 K16/ALMA
2014.5126 282.8400 0.3000  4.18400 0.02000 K16/ALMA
2014.2410 279.2000 0.3000  4.33000 0.05000 An15
2012.7100 262.7000 0.4000  5.05000 0.05000 An14
2009.7140 244.2000 0.4000  7.02000 0.05000 An12
2009.1517 241.0700 0.6000  7.40000 0.07000 K16
2008.7190 239.8000 0.4000  7.78000 0.05000 An11
2007.3670 235.7000 0.6000  8.78000 0.10000 An08
2004.2739 228.2600 0.2000 11.12200 0.02000 K16
2002.6880 224.3000 1.0000 12.50000 0.40000 An06
2000.7400 223.8000 1.0000 13.30000 0.40000 WDS
2000.1950 222.6300 0.8000 13.93300 0.20000 K16
1991.2500 215.2298 0.0533 19.10720 0.01627 vL07
1989.5370 214.6800 0.1600 19.74000 0.05000 J94
1988.2880 213.7500 0.1500 20.18000 0.05000 J94
1987.2900 213.2100 0.1500 20.54000 0.05000 J94
1986.5090 212.7700 0.1500 20.78400 0.05000 P91
1985.6030 212.0800 0.1500 21.08700 0.05000 P91
1984.4250 211.5400 0.1400 21.38500 0.05000 P91
1982.4900 210.6000 0.4000 21.91000 0.13000 T85
1980.4000 210.5000 1.0000 21.71000 0.50000 F86
1980.2870 210.0400 0.0600 21.61400 0.05000 J95
1977.4600 208.8000 0.2000 21.54000 0.13000 WDS
1976.3100 207.4000 0.2700 21.52000 0.15000 WDS
1976.2190 207.9000 0.2700 21.05000 0.15000 WDS
1976.2070 208.1000 0.2700 21.22000 0.15000 WDS
1975.1550 206.6000 0.2700 20.93000 0.15000 WDS
1975.1200 207.4000 0.2800 20.82000 0.15000 WDS
1970.5600 204.4000 0.3100 18.53000 0.15000 WDS
1968.3800 203.4000 0.3300 17.26000 0.15000 WDS
1967.4700 202.3000 0.3600 16.02000 0.15000 WDS
1966.4600 201.7000 0.3800 15.04000 0.15000 WDS
1966.4300 202.2000 0.3800 15.09000 0.15000 WDS
1965.4800 200.8000 0.4000 14.15000 0.15000 WDS
1965.4600 200.6000 0.4100 13.88000 0.15000 WDS
1964.5700 199.9000 0.4500 12.64000 0.15000 WDS
1963.6000 198.6000 0.5300 10.85000 0.15000 WDS
1963.3100 196.6000 0.5300 10.85000 0.15000 WDS
1961.2700 192.4000 0.7900  7.29000 0.15000 WDS
1960.5000 187.6000 0.9600  5.94000 0.15000 WDS
1960.5000 187.5000 0.9500  6.01000 0.15000 WDS
1960.3400 186.3000 1.0300  5.54000 0.15000 WDS
1960.2400 184.6200 1.0500  5.46000 0.10000 WDS
1959.4600 176.7000 2.1900  3.93000 0.15000 WDS
1959.4570 175.3300 2.3300  3.68100 0.15000 WDS
1959.4300 176.0000 2.2400  3.84000 0.15000 WDS
1959.3300 174.8000 2.3400  3.68000 0.15000 WDS
1958.7400 158.1000 3.3600  2.56000 0.15000 WDS
1957.4400  77.5000 4.2300  2.03000 0.15000 WDS
1957.4300  75.7600 4.0900  2.10100 0.15000 WDS
1957.3600  72.3200 3.9100  2.19800 0.15000 WDS
1957.2700  68.3900 3.6900  2.33200 0.15000 WDS
1957.1700  64.9000 3.4500  2.49200 0.15000 WDS
1956.5900  50.2100 2.4700  3.48100 0.15000 WDS
1956.5100  48.9000 2.3000  3.73000 0.15000 WDS
1956.4300  47.5100 2.2700  3.79400 0.15000 WDS
1956.4100  48.2000 2.2300  3.85000 0.15000 WDS
1956.2500  44.9200 2.0700  4.14800 0.15000 WDS
1955.6700  39.0400 1.6300  5.27700 0.15000 WDS
1955.5100  37.9000 1.5500  5.55000 0.15000 WDS
1955.4900  37.5000 1.5000  5.74000 0.15000 WDS
1955.3900  37.0200 1.5000  5.74400 0.15000 WDS
1955.2600  36.2300 1.4400  5.95200 0.15000 WDS
1954.9400  34.8000 1.3600  6.32000 0.15000 WDS
1954.4300  32.1000 1.1800  7.29100 0.15000 WDS
1954.1800  31.0600 1.1200  7.65400 0.15000 WDS
1953.7000  29.7000 1.0400  8.24000 0.15000 WDS
1953.5200  28.7000 1.0100  8.48100 0.15000 WDS
1953.3600  28.3900 0.9900  8.66300 0.15000 WDS
1952.4400  25.4000 0.9100  9.48000 0.15000 WDS
1952.4000  25.7600 0.9000  9.54600 0.15000 WDS
1951.4200  23.7300 0.8500 10.08700 0.15000 WDS
1950.3600  21.4000 0.8300 10.36600 0.15000 WDS
1949.5300  19.4000 0.8000 10.70000 0.15000 WDS
1949.4900  19.2000 0.8100 10.58000 0.15000 WDS
1947.4200  15.4000 0.8700  9.87000 0.15000 WDS
1947.3600  15.3000 0.8600  9.96000 0.15000 WDS
1947.3000  15.3000 0.8600 10.02000 0.15000 WDS
1947.0300  13.9000 0.8700  9.84000 0.15000 WDS
1946.7000  13.2000 0.9100  9.49000 0.15000 WDS
1946.7000  12.3000 0.9200  9.38000 0.15000 WDS
1946.4300  13.6000 0.8800  9.77000 0.15000 WDS
1946.3700  10.8000 0.9200  9.33000 0.15000 WDS
1946.3400  13.1000 0.9200  9.31000 0.15000 WDS
1945.5700   9.7000 0.9700  8.82000 0.15000 WDS
1945.2200   9.1000 0.9700  8.84900 0.15000 WDS
1945.1300   9.9000 0.9800  8.76000 0.15000 WDS
1944.5900   8.0000 0.9800  8.74000 0.15000 WDS
1944.3600   6.8500 1.0300  8.34400 0.15000 WDS
1944.1400   6.5000 1.0700  8.04000 0.15000 WDS
1940.3800 348.6400 1.5200  5.66300 0.15000 WDS
1940.3700 349.0000 1.4800  5.81000 0.15000 WDS
1940.3400 348.6000 1.4800  5.82000 0.15000 WDS
1940.1900 347.3000 1.5300  5.60000 0.15000 WDS
